79352713
9152463
7408350
5294238
7613844
23257804
7336250
8613987
10424594
6151186
11660779
9466374
9829628
12783403
10803074
8500870
15438324
6717331
5507441
12944610
12979462
5585066
7347377
18430695
6027746
3586318
3354983
4559124
8077023
5060784
2790097
7147010
9596091
13911941
3668385
4124495
3924430
5423365
9303913
10231899
6181002
11795273
3144745
19265855
7676798
14691315
7395254
4723251
13306338
6764822
15216049
6867584
10189667
8484446
2358944
2596005
5539367
4669910
3800458
2257323
10464302
5032675
3078952
3213853
2187623
2849555
2331088
2022208
1711560
1615800
8755317
1964857
1598852
4144550
2401305
2670684
3240395
4522843
2525881
2821204
9282483
12232641
3715930
12307223
3289504
3893175
1696198
2332345
2160166
13499963
3717301
4316036
6270614
7422990
7677689
4245558
1730258
2791942
2525616
2542695
1593953
2049965
4718970
2451307
5396213
1682399
12142740
2568425
2925086
6014589
1816501
2149829
3057522
6330697
2514134
4700102
2123489
3631472
11689642
5975721
3421272
2008352
4051673
4618980
2165360
3608973
6231251
2773216
5372047
1946717
1456053
3317754
10153833
7727410
8667402
12374244
9204289
11072840
4738300
8759482
9216410
5747534
5559369
3303823
7423070
8202941
4733904
27145257
10136878
6629327
1712707
2214081
1696088
1494729
1588273
1611559
2475292
2572275
5906492
3022515
3313279
3502391
5310898
2873326
1797827
5557940
2961266
1854822
1966505
1637105
2727464
1991898
14822977
8918305
3603840
1993094
1644436
2426242
1577101
2793087
1733176
22712497
2931394
2089850
1735585
2164195
5393128
5170452
2602861
1578806
1458637
1583541
1534912
1498029
4124333
10259236
6261055
5466515
4411721
31190265
8635090
1926988
2785892
6025744
2740459
6115845
2496011
8537781
3035544
1727526
7368504
2792273
2448065
5190653
3964715
1796436
1800612
3207492
3136488
1878729
2764864
3047642
3793200
1691981
2289410
1592469
1569858
2718525
2322679
2241232
4362602
13838532
9768761
4412307
2459523
1557461
6162204
2879887
32695075
2389794
8096093
9033038
2360972
3439758
13118795
25854365
19251323
2764181
3293705
2755452
2092898
5012006
12028430
10352707
5962446
1549946
5960199
6025735
1587983
2299147
1273321
2083900
10684355
24615288
19429096
2689356
2268235
6081821
15605430
1803325
5504223
6483246
1889882
2578025
7905897
2335737
1527983
2107902
4911449
7291449
5762254
2386630
4220280
8742587
1453894
1774465
3180566
3932550
3029268
3812835
2727498
4200069
4857825
5093103
3869735
7467232
1185568
2272340
990986
2148119
3061224
5254363
1285292
6704274
2801397
1838332
1675342
1667995
1562124
2270955
4394057
2920795
1843275
2047699
2066224
15565812
958565
2886587
4853880
2696936
4761494
841718
794934
1298031
2884532
1165079
814006
764947
882477
951614
1149971
764780
1015283
765795
914847
739196
891442
730885
798663
1168736
1099660
744232
738885
981147
913277
1426425
1005284
5450969
1313651
915281
934597
1026324
1393877
885186
976891
828911
809930
1473811
1991145
1590942
1085150
1467431
856789
745670
963024
966385
1315264
1057861
873393
718178
740141
681452
713928
792599
722042
835711
739490
708131
811621
703347
678498
777395
684874
703034
9186035
869472
732628
3188533
3672399
4412546
43124021
7734964
1123986
732122
754438
1588549
22318766
13842510
2412145
3734370
9475225
1437781
1188685
1565977
4146287
1031256
1011766
8457169
5348262
1918346
1303050
1668523
4035606
10825857
999383
769058
849737
1313336
3914820
6069046
4669907
6217618
3340980
4594506
5170480
5435628
6952501
6420667
3896358
5154191
5517652
6616547
5692522
800545
794258
3767962
2690337
3816482
3113240
1953480
2966688
4029861
4781806
1338868
3182485
5449370
6235616
1304453
814631
10664655
9468133
7178396
6301689
854562
734234
740668
5056605
5577821
5768423
5513663
1185688
4748481
6492634
3580477
3368161
14422062
2832270
4301137
7201435
3362402
7778985
1027839
818099
759820
2049179
4954664
5666381
9488668
2779058
8685269
1786602
2414250
11639031
6546867
10494544
806477
784072
6118516
5917554
9538901
1336111
2913595
2188293
3054455
14262495
1553867
11069773
1097097
888333
8305782
6586725
7279114
7389450
9633039
3415852
4980002
11829583
6871177
7127818
14065412
6611376
6469192
9155937
7557736
3047024
14412031
11425534
1857074
1070900
22016135
11147726
8258868
4068695
14055224
13353899
3915226
4603538
1053437
2948654
7811904
3845861
2880131
4470640
7588544
3595981
8485010
5091355
1394953
3922498
4582197
6404174
851804
704531
4273492
4878591
2602804
11773315
10556607
10443938
17293598
12799712
23128359
12205803
14374250
6501885
35376572
8021478
16607533
12673510
6950937
2664391
6865787
6893586
8233522
14481864
5996684
10447262
5447073
5861126
9449825
8259158
6944944
5603556
902276
9681438
5085673
10071810
3086082
7607328
7129390
6220099
11969432
7351777
7403918
5872113
2779808
7536932
5354410
3551654
7056838
6770237
3175970
5971322
6867843
2664244
2939249
3008927
3782648
2592048
2688229
5572879
3031310
3320137
2524882
3161633
3154727
3146220
3215798
10739076
7593720
2986070
3905256
5062649
3390016
6692493
3365942
3175614
3592947
3382041
2818982
2984643
3014838
3131677
3887584
4203487
4473049
3610936
2548114
3123846
4745164
3509760
2996236
11928458
3318150
5255610
6163925
3614301
7365883
3125585
16284949
1287370
800098
2509479
7789845
3808353
3670670
4398809
1025056
2879329
2477303
4225750
3759270
27017926
13424815
1547373
1523942
12834200
4482865
2943423
2304134
7486309
1785043
2019674
933081
968359
20680202
2614237
5673612
1017761
1677328
1186657
1556824
1024837
1403784
16494026
7895420
2512666
1595791
719437
2181878
3686478
2160386
7697263
1708934
1638876
1026485
2151200
5657045
1496717
1227584
3403415
5468534
2599290
4616204
2928884
4943320
1913517
1847889
6326375
1613861
1032144
1830006
1760121
4816964
3683233
2210965
7656660
4400317
1302410
2127203
844033
6074994
801886
1141974
953473
834442
1866951
3527728
7867598
1120654
1103699
1211018
7399853
1990057
1424745
1172418
1573382
3596172
878197
729888
8450703
810418
824725
5994437
6533762
1322814
4167989
1565225
4205570
5204358
12557864
8273698
3756181
3736408
5850455
9289813
1605007
6067184
10594953
14341269
1528632
3285328
3035509
1362359
1927779
3957793
4019802
2220931
4925104
1209137
1535509
2482600
3309221
5925044
5186406
9273216
3722346
9096616
2792481
7628242
1245509
1603858
1662222
9358947
17348978
3183502
7638441
10476049
8432889
2370056
4776210
6742887
6009939
1814011
5484962
5688367
7635302
9145742
2662801
2349365
5612650
2318929
23999554
17299328
3756071
2362719
5956210
11863631
1148629
10853011
8488385
7525192
27989149
3752609
4522464
6226620
2544403
3119166
1639232
1881971
899539
3564887
1184881
9408879
4933899
1095233
45303851
7373992
7154321
4580347
7503720
2985279
7290907
4716133
7628318
6534098
5804636
7227791
8943019
2301063
5586518
3955635
1840601
3557162
10830154
4060700
3714803
6233365
5846406
11907707
8807089
7297057
4104332
3851931
7972637
4014596
12696987
3236919
5586070
5835175
5193750
2880448
7634166
6292719
2907388
7794487
7896980
4039796
3966296
3965039
6335575
5783855
5630431
2302297
3573847
4447781
4743139
5930091
2794871
1958617
4095201
7577791
8280407
5826827
7111658
3688096
8422019
3059101
14469381
6151600
7088434
4706385
8107458
4006740
7927097
8017814
8049410
8397148
7824274
2888932
22335365
1825510
1719856
1380736
1706107
1657682
1562605
1707410
3895365
738133
915499
865609
4559416
1163764
841263
2336695
4289542
2156515
4868624
4290863
4052199
1074405
1002301
1786509
4077425
1078211
791567
2061080
903192
3212197
998810
931515
2018188
856689
1572047
1510127
4064981
1057810
833818
1293221
2851297
1593313
1212492
1123207
2226903
1985083
1305868
2092818
982180
2021269
15418078
2234076
2312779
1130377
3092418
914555
1091344
1253099
1259994
1722593
1804595
1633636
2236150
3033881
1590879
4360370
2746316
4783934
1772749
5664932
1174231
1146243
6528745
1062162
1025885
1380605
1080675
1264855
1693397
1845198
2171352
2929113
1949159
5045430
3578577
6621020
1615877
2130638
2624850
1223457
1407998
2822030
1299215
2894044
1514005
1342644
1577018
1318640
1319958
1329343
1413351
1213971
1724779
10493512
2106851
1521809
949787
4999227
2502423
2437203
