25054843
2175674
2057097
1986677
1983090
1886273
2188005
2085718
1939266
1748628
1891640
1737593
2499670
1965512
2974882
1831112
1877523
1818439
1810528
1660206
1775627
1788611
5647965
3217544
4249982
2894566
3630310
3979435
4862034
4678903
2254085
6050786
1630243
1531328
1667983
1293290
1271786
1449777
1363609
1327318
4834873
1554668
1488659
1451072
1388708
1391700
1426262
1277111
1838498
2095600
1908591
7984252
4545555
1810595
1661293
1523952
1357057
1452784
1379355
1357825
1532475
1467173
1569166
1599793
1720462
1983327
1377577
1467631
1386815
3667260
1362947
1337999
1532724
1824101
1766297
1416012
1375411
1454783
1475407
1508068
1431450
1519088
3217814
1462279
1489306
1298283
2102737
1465722
2815552
1420930
1360231
1457600
1397285
2273635
1458904
1318707
7413366
2910343
3363502
2434632
1432804
1284541
1205619
1270011
993503
1196191
1413635
1320771
1290130
1367214
2738026
2371168
1938674
1941937
1809366
1850500
1838275
2079320
1543984
1585871
1400749
1528847
1529468
1392871
1491524
1556817
5345127
4516875
2209984
2526750
3727028
1408294
12416276
1049678
930901
988079
1141063
1308881
1479070
3375404
1758205
2930661
2202696
2096695
1818334
1771431
2081626
1915071
1588028
6434056
2234620
2192020
2082005
1701825
2523260
2035381
3336308
1378925
1213598
1240094
1205033
1174428
1054387
1175345
966788
985847
931503
1099259
1066085
950102
911257
944350
937423
905978
6457073
1545340
1439110
1290769
1200444
1199375
1322035
1253623
1285929
1308306
1246248
1200918
1475743
1178893
1105196
1195180
1123244
1142916
1121762
1097643
1001513
1022062
987144
1125732
1469686
1136442
1551983
1362816
1167707
1246682
1136134
1034310
1068944
1055853
963789
966699
945454
1138671
930313
911937
919164
1397116
1273697
1006385
1123310
980824
952048
1013502
1120392
1002043
1086376
975751
1161062
2551102
3171198
1483219
1284772
1236533
1150113
1098467
1065522
1055633
6786238
1456475
1645265
1008756
1237314
1532775
3422841
1057120
1009269
1065004
1876940
1125316
1681134
1429681
1111250
1150377
1186470
1023938
4064632
1580333
9033468
4538307
1106607
5288930
811399
1778669
1027251
1127326
1027699
992973
1000244
1084958
1799320
988759
11001449
2867127
756494
781678
1769789
792406
3907412
1079948
851092
3245414
4056849
10227651
762418
1362001
2893171
724738
1074914
691940
821481
683369
682286
707526
3263521
2245638
974734
821295
919032
945819
1028850
1168731
806735
1395995
1316504
782427
3300492
7399074
1028012
1953729
728195
688808
688991
1119541
820372
1083275
1978576
949535
1277649
1394034
1471739
18717107
2239834
839975
809696
1732602
778554
1797804
1405346
825370
787591
714344
1097091
736375
699601
694873
2306811
754128
706307
694780
723843
766656
1292055
14883461
18714234
5655979
880199
697700
685313
708189
816711
4342550
1108868
970109
1756616
1193752
967888
2443103
1239718
891206
1065201
1106255
1114266
759416
927670
796625
2765085
865241
4115227
871813
794690
8103142
9947729
1371430
1011148
985080
975987
8133929
7368293
7756403
1366436
7020463
2087539
6097119
2414736
830777
769089
915941
947737
847102
3858932
974492
781650
9269048
11096025
1026364
1010948
4825582
1351884
1969981
1064878
753661
652377
642052
606444
1049731
828739
4878136
732215
591006
613633
716072
624281
1854291
1841805
602098
609699
695851
731110
716456
2819647
782328
823748
661985
686807
651567
714414
755892
737839
690968
663610
631773
624498
803280
642707
640158
624386
656386
649829
3449381
785764
772477
1830599
707740
9465136
861049
639190
644023
1320194
1799245
762692
710572
4600662
771529
638904
614093
592521
590135
632905
708437
653739
673133
680466
1727569
655576
611596
2967413
693550
738975
1070120
744931
2942179
9588325
932590
7225707
1091497
598567
2187701
683020
654176
569736
587624
1200625
745089
696900
7061960
2334545
628488
776042
4111444
6671622
822991
762696
2743614
779736
668530
3687279
705661
695206
7369070
3503810
1550608
679760
671952
2802080
2287084
3990761
793655
740488
1715887
1410388
1604254
5086742
1086315
2805946
853441
696201
667579
2356224
750982
2636928
784068
667686
1111521
759243
1629677
8213911
844604
724070
719938
922015
693334
783785
663605
646329
752741
778602
833376
887849
925498
852250
772605
11172535
1115809
920428
2319318
780092
1364375
767138
849149
698019
632821
697757
707539
869773
751830
674436
652997
638385
665784
728420
4294424
1360333
846687
750219
802384
806454
769666
780626
828817
875790
798971
741796
782216
756566
894104
803868
784082
798960
1029657
4990366
826492
805823
784304
777791
4712211
616710
642126
637763
630027
591998
738821
633131
654794
631893
604620
568597
659810
637255
611811
547795
547875
572870
597816
684955
586317
619570
563517
584790
556188
547139
617551
577877
575554
2191430
796956
633473
600788
587000
582473
584403
636025
594993
570319
573952
565693
564809
647041
720687
638158
582653
580517
627692
668548
650326
614971
589015
568212
580171
585219
653769
677058
644476
585740
656606
663860
616240
632327
605690
567351
568798
568358
556428
557485
647327
587958
655753
574634
584053
577697
574264
649249
627097
566550
549802
552969
603876
551050
753433
589360
587296
608307
590540
652615
662835
591580
560296
571233
592908
603873
557815
12955278
783360
2781804
638773
639296
2774783
609942
631866
2905507
597364
650042
2207468
638243
1913858
1861272
3714406
638791
568045
552804
2543063
609921
3041220
727063
604698
553853
2436671
654035
607122
2798274
626642
598440
2744908
641331
562524
2249599
754574
693829
579562
635465
559582
543605
653688
569429
562232
546445
560997
554943
544111
654179
556701
634019
570766
540171
551094
556350
621159
557303
544441
546098
542422
551398
626318
693901
589231
599883
562705
552467
629160
683905
660809
555989
591155
565475
551402
551781
637027
594933
561621
541050
549043
553174
553425
603069
613268
612584
583079
652134
585073
679968
712276
604334
652257
678206
797385
670188
643615
536665
511734
561777
543553
588397
551864
648541
541016
544396
531490
544549
545096
526635
638263
533694
519309
510783
509710
544386
518696
590284
607464
730901
589860
547796
593795
534941
660486
624186
555737
556324
549423
530968
527448
661770
563923
550150
21079750
1243352
1044827
902513
918275
727499
862993
1235895
778514
1002167
775745
4831903
862082
791475
771628
865250
839728
784713
785398
800586
855545
892837
747652
872133
780693
885551
783247
786548
780871
681147
719273
716159
677386
767207
647623
625732
815760
617256
607840
607029
605194
531907
550688
635661
574040
684771
590722
560525
611520
630641
563187
534099
523470
526098
516912
517031
576822
588387
526623
517461
519964
516471
498976
515195
616253
520306
507086
530057
522672
515642
509440
491868
632685
533344
521864
504020
516329
508974
503148
592695
561023
523137
520673
535350
509097
517837
603300
523836
501469
516844
487812
503927
484612
524239
609582
555546
546814
514302
504844
492111
493281
496916
648664
543986
529793
536512
557063
534858
514133
594449
603079
562899
588821
600616
569085
546840
723073
542712
552747
552944
584417
582762
622229
661509
558602
547760
535404
532229
603749
525562
662366
611874
531147
512632
597249
534229
549133
761018
586795
596338
552413
505710
512413
508407
621169
533742
525511
517047
508997
505816
544384
600429
529658
498720
503728
521265
505271
506829
501769
600977
512099
509674
517216
512446
529927
555583
852021
621466
660815
620437
579998
567845
1134938
595868
532970
545153
591385
585305
578370
686442
586239
550059
520902
520145
512884
497669
609769
514657
